    1    0.0000    2.5010    2.6900    4.7710
    2    2.0000    2.6810    3.4120    5.9690
    3    4.0000    2.7060    3.4670    6.0760
    4    6.0000    2.7287    3.5230    6.1667
    5    8.0000    2.7433    3.5643    6.2287
    6   10.0000    2.7500    3.5910    6.2620
    7   12.0000    2.7707    3.6243    6.3353
    8   14.0000    2.7877    3.6510    6.3820
    9   16.0000    2.8010    3.6710    6.4020
   10   18.0000    2.8157    3.6957    6.4607
   11   20.0000    2.8320    3.7370    6.5400
   12   22.0000    2.8477    3.7760    6.6000
   13   24.0000    2.8610    3.7960    6.6200
   14   26.0000    2.8677    3.8173    6.6713
   15   28.0000    2.8847    3.8547    6.7440
   16   30.0000    2.9120    3.9080    6.8380
   17   32.0000    2.9253    3.9413    6.9047
   18   34.0000    2.9443    3.9787    6.9697
   19   36.0000    2.9690    4.0200    7.0330
   20   38.0000    3.0357    4.0867    7.1663
   21   40.0000    3.0807    4.1510    7.2903
   22   42.0000    3.1040    4.2130    7.4050
   23   44.0000    3.1707    4.3063    7.6050
   24   46.0000    3.2743    4.4083    7.8287
   25   48.0000    3.4150    4.5190    8.0760
   26   50.0000    3.4225    4.5310    8.1020
   27   52.0000    3.4300    4.5430    8.1280
   28   54.0000    3.4311    4.5488    8.1378
   29   56.0000    3.4322    4.5546    8.1476
   30   58.0000    3.4334    4.5606    8.1580
   31   60.0000    3.4350    4.5670    8.1700
   32   62.0000    3.4366    4.5734    8.1820
   33   64.0000    3.4379    4.5795    8.1931
   34   66.0000    3.4391    4.5855    8.2039
   35   68.0000    3.4404    4.5916    8.2148
   36   70.0000    3.4420    4.5980    8.2260
   37   72.0000    3.4436    4.6044    8.2372
   38   74.0000    3.4470    4.6150    8.2550
   39   76.0000    3.4510    4.6270    8.2750
   40   78.0000    3.4542    4.6380    8.2920
   41   80.0000    3.4550    4.6460    8.3000
   42   82.0000    3.4558    4.6540    8.3080
   43   84.0000    3.4563    4.6590    8.3160
   44   86.0000    3.4567    4.6630    8.3240
   45   88.0000    3.4571    4.6663    8.3310
   46   90.0000    3.4575    4.6675    8.3350
   47   92.0000    3.4579    4.6687    8.3390
   48   94.0541    3.4582    4.6698    8.3434
   49   96.1622    3.4584    4.6709    8.3481
   50   98.3243    3.4586    4.6721    8.3529
   51  100.5405    3.4588    4.6732    8.3578
   52  102.8108    3.4591    4.6743    8.3618
   53  105.1351    3.4593    4.6753    8.3641
   54  107.5135    3.4596    4.6762    8.3665
   55  109.9459    3.4598    4.6772    8.3689
   56  112.4324    3.4600    4.6782    8.3713
   57  114.9730    3.4602    4.6796    8.3734
   58  117.5676    3.4604    4.6810    8.3755
   59  120.2162    3.4605    4.6824    8.3776
   60  122.9189    3.4607    4.6838    8.3797
   61  125.6757    3.4609    4.6853    8.3819
   62  128.4865    3.4610    4.6860    8.3830
   63  131.3514    3.4610    4.6860    8.3830
   64  134.2703    3.4610    4.6860    8.3830
   65  137.2432    3.4609    4.6857    8.3824
   66  140.2703    3.4602    4.6817    8.3755
   67  143.3514    3.4595    4.6777    8.3683
   68  146.4865    3.4588    4.6736    8.3611
   69  149.6757    3.4581    4.6694    8.3537
   70  152.9189    3.4573    4.6652    8.3463
   71  156.2162    3.4566    4.6609    8.3387
   72  159.5676    3.4558    4.6565    8.3309
   73  162.9730    3.4550    4.6520    8.3231
   74  166.4324    3.4542    4.6475    8.3151
   75  169.9459    3.4534    4.6429    8.3070
   76  173.5135    3.4526    4.6383    8.2987
   77  177.1351    3.4517    4.6335    8.2904
   78  180.8108    3.4509    4.6287    8.2819
   79  184.5405    3.4500    4.6238    8.2733
   80  188.3243    3.4492    4.6189    8.2646
   81  192.1622    3.4483    4.6139    8.2557
   82  196.0541    3.4474    4.6088    8.2467
   83  200.0000    3.4465    4.6036    8.2376
   84  204.0000    3.4455    4.5984    8.2284
