    1  0.000    2.501  2.690   4.771
    2  2.000    2.681  3.412   5.969
    3  4.000    2.706  3.467   6.076
    4  7.000    2.740  3.551   6.212
    4  10.000   2.750  3.591   6.262
    5  13.000   2.781  3.641   6.372
    5  16.000   2.801  3.671   6.402
    6  19.000   2.823  3.708   6.490
    7  21.000   2.841  3.766   6.590
    7  24.000   2.861  3.796   6.620
    8  27.000   2.871  3.828   6.697
    9  30.000   2.912  3.908   6.838
    9  33.000   2.932  3.958   6.938
   10  36.000   2.969  4.020   7.033
   10  39.000   3.069  4.120   7.233
   11  42.000   3.104  4.213   7.405
   11  45.000   3.204  4.353   7.705
   12  48.000   3.415  4.519   8.076
   13  52.000   3.430  4.543   8.128
   14  57.500   3.433  4.559   8.155
   15  62.500   3.437  4.575   8.185
   16  67.500   3.440  4.590   8.212
   17  72.500   3.444  4.606   8.240
   18  77.500   3.454  4.636   8.290
   19  82.500   3.456  4.656   8.310
   19  87.500   3.457  4.666   8.330
   19  92.500   3.458  4.669   8.340
   20  102.000  3.459  4.674   8.361
   20  112.000  3.460  4.678   8.371
   21  127.000  3.461  4.686   8.383
   21  137.000  3.461  4.686   8.383
   22  150.000  3.458  4.669   8.353
