    1     0.00     0.25     2.11     4.12
    2     2.76     1.76     1.90     3.70
    3     5.53     2.55     2.85     5.06
    4     8.29     2.64     3.25     5.64
    5    11.05     2.70     3.46     5.96
    6    13.82     2.71     3.49     6.01
    7    16.58     2.72     3.51     6.07
    8    19.34     2.73     3.54     6.12
    9    22.11     2.75     3.57     6.19
   10    24.87     2.77     3.62     6.28
   11    27.63     2.81     3.69     6.43
   12    30.39     3.02     3.95     7.02
   13    33.16     3.16     4.18     7.57
   14    35.92     3.27     4.30     7.88
   15    38.68     3.32     4.36     8.04
   16    41.45     3.32     4.36     8.04
   17    44.21     3.32     4.36     8.04
   18    46.97     3.33     4.36     8.04
   19    49.74     3.33     4.36     8.04
   20    52.50     3.33     4.36     8.04
   21    50.00     3.33     4.36     8.04
   22    59.21     3.33     4.36     8.04
   23    68.42     3.34     4.37     8.04
   24    77.63     3.34     4.38     8.04
   25    86.84     3.35     4.39     8.05
   26    96.05     3.36     4.40     8.05
   27   105.26     3.36     4.41     8.05
   28   114.47     3.37     4.42     8.05
   29   123.68     3.37     4.43     8.05
   30   132.89     3.38     4.43     8.08
   31   142.11     3.38     4.44     8.10
   32   151.32     3.39     4.45     8.13
   33   160.53     3.39     4.45     8.16
   34   169.74     3.40     4.46     8.18
   35   178.95     3.41     4.47     8.21
   36   188.16     3.41     4.48     8.23
   37   197.37     3.42     4.48     8.26
   38   206.58     3.42     4.49     8.28
   39   215.79     3.43     4.52     8.30
   40   225.00     3.43     4.52     8.30
